0	0	[50.7, 4.6, 50.5, 4.8, 50.9, 5.2, 50.5, 5.6, 50.9, 6.0, 50.9, 6.5, 50.5, 6.9, 50.5, 7.4, 50.9, 7.8, 100]
1	2	[50.7, 5.0, 50.9, 5.2, 50.5, 5.6, 50.9, 6.0, 50.9, 6.5, 50.5, 6.9, 50.5, 7.4, 50.9, 7.8, 100]
2	4	[50.7, 5.4, 50.5, 5.6, 50.9, 6.0, 50.9, 6.5, 50.5, 6.9, 50.5, 7.4, 50.9, 7.8, 100]
3	6	[50.7, 5.8, 50.9, 6.0, 50.9, 6.5, 50.5, 6.9, 50.5, 7.4, 50.9, 7.8, 100]
4	8	[50.9, 6.25, 50.9, 6.5, 50.5, 6.9, 50.5, 7.4, 50.9, 7.8, 100]
5	11	[50.7, 6.7, 50.5, 6.9, 50.5, 7.4, 50.9, 7.8, 100]
6	12	[50.5, 7.15, 50.5, 7.4, 50.9, 7.8, 100]
7	13	[50.7, 7.6, 50.9, 7.8, 100]
8	14	[50.3, 7.6, 50.1, 7.8, 100]
9	7	[50.3, 5.8, 50.1, 6.0, 50.1, 6.5, 50.5, 6.9, 50.5, 7.4, 50.9, 7.8, 100]
10	9	[50.1, 6.25, 50.1, 6.5, 50.5, 6.9, 50.5, 7.4, 50.9, 7.8, 100]
11	10	[50.3, 6.7, 50.5, 6.9, 50.5, 7.4, 50.9, 7.8, 100]
12	3	[50.3, 5.0, 50.1, 5.2, 50.5, 5.6, 50.9, 6.0, 50.9, 6.5, 50.5, 6.9, 50.5, 7.4, 50.9, 7.8, 100]
13	5	[50.3, 5.4, 50.5, 5.6, 50.9, 6.0, 50.9, 6.5, 50.5, 6.9, 50.5, 7.4, 50.9, 7.8, 100]
14	1	[50.3, 4.6, 50.5, 4.8, 50.9, 5.2, 50.5, 5.6, 50.9, 6.0, 50.9, 6.5, 50.5, 6.9, 50.5, 7.4, 50.9, 7.8, 100]

[0, 14, 1, 12, 2, 13, 3, 9, 4, 10, 5, 11, 6, 7, 8]
[0, 1,  2, 3,  4, 5,  6, 7, 8, 9,  11,10, 12,13,14]




0 [0, 2, 4, 6, 8, 11, 12, 13]
1 [14]
2 [7, 9, 10]
4 [3, 5]
8 [1]



