=========================== Final Schedule ===========================
Vessel : 0
 1 | 185.0 | 4.0 | 189.0
 3 | 189.0 | 3.0 | 192.0
 5 | 192.0 | 3.0 | 195.0
 6 | 195.0 | 4.0 | 199.0
 9 | 199.0 | 3.0 | 202.0
 13 | 202.0 | 5.0 | 207.0
 14 | 207.0 | 5.0 | 212.0
 16 | 212.0 | 5.0 | 217.0
 20 | 217.0 | 3.0 | 220.0
 22 | 220.0 | 3.0 | 223.0
Vessel : 1
 0 | 9.0 | 5.0 | 14.0
 3 | 14.0 | 4.0 | 18.0
 5 | 18.0 | 4.0 | 22.0
 6 | 22.0 | 7.0 | 29.0
 9 | 29.0 | 10.0 | 39.0
 13 | 39.0 | 5.0 | 44.0
 14 | 44.0 | 5.0 | 49.0
 16 | 49.0 | 5.0 | 54.0
 20 | 54.0 | 4.0 | 58.0
 22 | 58.0 | 5.0 | 63.0
Vessel : 2
 1 | 1.0 | 3.0 | 4.0
 2 | 4.0 | 5.0 | 9.0
 4 | 9.0 | 3.0 | 12.0
 7 | 12.0 | 3.0 | 15.0
 11 | 15.0 | 4.0 | 19.0
 13 | 19.0 | 5.0 | 24.0
 14 | 24.0 | 3.0 | 27.0
 15 | 27.0 | 3.0 | 30.0
 17 | 30.0 | 5.0 | 35.0
 21 | 35.0 | 3.0 | 38.0
Vessel : 3
 1 | 175.0 | 3.0 | 178.0
 2 | 178.0 | 5.0 | 183.0
 4 | 183.0 | 4.0 | 187.0
 6 | 187.0 | 3.0 | 190.0
 9 | 190.0 | 4.0 | 194.0
 13 | 194.0 | 3.0 | 197.0
 14 | 197.0 | 5.0 | 202.0
 15 | 202.0 | 3.0 | 205.0
 18 | 205.0 | 5.0 | 210.0
 22 | 210.0 | 3.0 | 213.0
Vessel : 4
 1 | 115.0 | 4.0 | 119.0
 2 | 119.0 | 11.0 | 130.0
 4 | 130.0 | 9.0 | 139.0
 7 | 139.0 | 6.0 | 145.0
 11 | 145.0 | 3.0 | 148.0
 13 | 148.0 | 3.0 | 151.0
 14 | 151.0 | 4.0 | 155.0
 15 | 155.0 | 4.0 | 159.0
 17 | 159.0 | 3.0 | 162.0
 21 | 162.0 | 5.0 | 167.0
Vessel : 5
 0 | 61.0 | 5.0 | 66.0
 2 | 66.0 | 3.0 | 69.0
 4 | 69.0 | 14.0 | 83.0
 7 | 83.0 | 6.0 | 89.0
 11 | 89.0 | 10.0 | 99.0
 13 | 99.0 | 5.0 | 104.0
 14 | 104.0 | 3.0 | 107.0
 15 | 107.0 | 3.0 | 110.0
 17 | 110.0 | 5.0 | 115.0
 21 | 115.0 | 4.0 | 119.0
Vessel : 6
 1 | 19.0 | 3.0 | 22.0
 3 | 22.0 | 5.0 | 27.0
 5 | 27.0 | 5.0 | 32.0
 7 | 32.0 | 4.0 | 36.0
 10 | 36.0 | 4.0 | 40.0
 12 | 40.0 | 3.0 | 43.0
 14 | 43.0 | 3.0 | 46.0
 15 | 46.0 | 5.0 | 51.0
 17 | 51.0 | 3.0 | 54.0
 21 | 54.0 | 3.0 | 57.0
Vessel : 7
 1 | 69.0 | 5.0 | 74.0
 2 | 74.0 | 3.0 | 77.0
 4 | 77.0 | 4.0 | 81.0
 7 | 81.0 | 4.0 | 85.0
 10 | 85.0 | 5.0 | 90.0
 12 | 90.0 | 3.0 | 93.0
 14 | 93.0 | 3.0 | 96.0
 16 | 96.0 | 4.0 | 100.0
 20 | 100.0 | 4.0 | 104.0
 22 | 104.0 | 3.0 | 107.0
Vessel : 8
 0 | 117.0 | 10.0 | 127.0
 2 | 127.0 | 6.0 | 133.0
 4 | 133.0 | 8.0 | 141.0
 7 | 141.0 | 7.0 | 148.0
 11 | 148.0 | 8.0 | 156.0
 13 | 156.0 | 5.0 | 161.0
 14 | 161.0 | 5.0 | 166.0
 16 | 166.0 | 3.0 | 169.0
 19 | 169.0 | 5.0 | 174.0
 21 | 174.0 | 4.0 | 178.0
Vessel : 9
 0 | 145.0 | 14.0 | 159.0
 2 | 159.0 | 7.0 | 166.0
 4 | 166.0 | 11.0 | 177.0
 6 | 177.0 | 3.0 | 180.0
 8 | 180.0 | 9.0 | 189.0
 12 | 189.0 | 3.0 | 192.0
 14 | 192.0 | 5.0 | 197.0
 16 | 197.0 | 4.0 | 201.0
 19 | 201.0 | 4.0 | 205.0
 21 | 205.0 | 3.0 | 208.0
Vessel : 10
 1 | 74.0 | 4.0 | 78.0
 3 | 78.0 | 10.0 | 88.0
 5 | 88.0 | 12.0 | 100.0
 7 | 100.0 | 10.0 | 110.0
 10 | 110.0 | 8.0 | 118.0
 12 | 118.0 | 5.0 | 123.0
 14 | 123.0 | 3.0 | 126.0
 15 | 126.0 | 5.0 | 131.0
 18 | 131.0 | 3.0 | 134.0
 22 | 134.0 | 4.0 | 138.0
Vessel : 11
 0 | 165.0 | 6.0 | 171.0
 2 | 171.0 | 11.0 | 182.0
 4 | 182.0 | 9.0 | 191.0
 7 | 191.0 | 6.0 | 197.0
 10 | 197.0 | 6.0 | 203.0
 12 | 203.0 | 3.0 | 206.0
 14 | 206.0 | 4.0 | 210.0
 15 | 210.0 | 4.0 | 214.0
 18 | 214.0 | 4.0 | 218.0
 22 | 218.0 | 5.0 | 223.0
Vessel : 12
 0 | 99.0 | 7.0 | 106.0
 2 | 106.0 | 10.0 | 116.0
 4 | 116.0 | 6.0 | 122.0
 6 | 122.0 | 6.0 | 128.0
 8 | 128.0 | 12.0 | 140.0
 12 | 140.0 | 3.0 | 143.0
 14 | 143.0 | 5.0 | 148.0
 16 | 148.0 | 5.0 | 153.0
 20 | 153.0 | 3.0 | 156.0
 22 | 156.0 | 3.0 | 159.0
Vessel : 13
 0 | 30.0 | 4.0 | 34.0
 3 | 34.0 | 9.0 | 43.0
 5 | 43.0 | 13.0 | 56.0
 7 | 56.0 | 7.0 | 63.0
 11 | 63.0 | 12.0 | 75.0
 13 | 75.0 | 5.0 | 80.0
 14 | 80.0 | 3.0 | 83.0
 16 | 83.0 | 3.0 | 86.0
 19 | 86.0 | 3.0 | 89.0
 21 | 89.0 | 5.0 | 94.0
Vessel : 14
 1 | 41.0 | 5.0 | 46.0
 2 | 46.0 | 5.0 | 51.0
 4 | 51.0 | 5.0 | 56.0
 6 | 56.0 | 4.0 | 60.0
 9 | 60.0 | 10.0 | 70.0
 13 | 70.0 | 5.0 | 75.0
 14 | 75.0 | 3.0 | 78.0
 15 | 78.0 | 5.0 | 83.0
 17 | 83.0 | 3.0 | 86.0
 21 | 86.0 | 3.0 | 89.0
Vessel : 15
 0 | 39.0 | 5.0 | 44.0
 2 | 44.0 | 12.0 | 56.0
 4 | 56.0 | 12.0 | 68.0
 6 | 68.0 | 8.0 | 76.0
 8 | 76.0 | 6.0 | 82.0
 12 | 82.0 | 3.0 | 85.0
 14 | 85.0 | 5.0 | 90.0
 15 | 90.0 | 3.0 | 93.0
 17 | 93.0 | 4.0 | 97.0
 21 | 97.0 | 3.0 | 100.0
Vessel : 16
 1 | 46.0 | 5.0 | 51.0
 2 | 51.0 | 5.0 | 56.0
 4 | 56.0 | 4.0 | 60.0
 6 | 60.0 | 4.0 | 64.0
 8 | 64.0 | 4.0 | 68.0
 12 | 68.0 | 3.0 | 71.0
 14 | 71.0 | 4.0 | 75.0
 16 | 75.0 | 3.0 | 78.0
 20 | 78.0 | 3.0 | 81.0
 22 | 81.0 | 4.0 | 85.0
Vessel : 17
 1 | 139.0 | 5.0 | 144.0
 2 | 144.0 | 4.0 | 148.0
 4 | 148.0 | 4.0 | 152.0
 6 | 152.0 | 8.0 | 160.0
 8 | 160.0 | 6.0 | 166.0
 12 | 166.0 | 5.0 | 171.0
 14 | 171.0 | 5.0 | 176.0
 15 | 176.0 | 4.0 | 180.0
 18 | 180.0 | 3.0 | 183.0
 22 | 183.0 | 5.0 | 188.0
Vessel : 18
 1 | 157.0 | 4.0 | 161.0
 2 | 161.0 | 3.0 | 164.0
 4 | 164.0 | 5.0 | 169.0
 6 | 169.0 | 4.0 | 173.0
 8 | 173.0 | 5.0 | 178.0
 12 | 178.0 | 4.0 | 182.0
 14 | 182.0 | 5.0 | 187.0
 15 | 187.0 | 3.0 | 190.0
 17 | 190.0 | 4.0 | 194.0
 21 | 194.0 | 3.0 | 197.0
Vessel : 19
 1 | 200.0 | 5.0 | 205.0
 3 | 205.0 | 3.0 | 208.0
 5 | 208.0 | 3.0 | 211.0
 6 | 211.0 | 3.0 | 214.0
 8 | 214.0 | 9.0 | 223.0
 12 | 223.0 | 4.0 | 227.0
 14 | 227.0 | 5.0 | 232.0
 16 | 232.0 | 4.0 | 236.0
 20 | 236.0 | 3.0 | 239.0
 22 | 239.0 | 3.0 | 242.0
Vessel : 20
 1 | 37.0 | 4.0 | 41.0
 2 | 41.0 | 5.0 | 46.0
 4 | 46.0 | 4.0 | 50.0
 6 | 50.0 | 4.0 | 54.0
 8 | 54.0 | 5.0 | 59.0
 12 | 59.0 | 4.0 | 63.0
 14 | 63.0 | 5.0 | 68.0
 16 | 68.0 | 5.0 | 73.0
 19 | 73.0 | 3.0 | 76.0
 21 | 76.0 | 5.0 | 81.0
Vessel : 21
 1 | 16.0 | 3.0 | 19.0
 2 | 19.0 | 5.0 | 24.0
 4 | 24.0 | 4.0 | 28.0
 7 | 28.0 | 4.0 | 32.0
 10 | 32.0 | 3.0 | 35.0
 12 | 35.0 | 4.0 | 39.0
 14 | 39.0 | 4.0 | 43.0
 16 | 43.0 | 4.0 | 47.0
 19 | 47.0 | 5.0 | 52.0
 21 | 52.0 | 4.0 | 56.0
Vessel : 22
 1 | 119.0 | 4.0 | 123.0
 3 | 123.0 | 3.0 | 126.0
 5 | 126.0 | 14.0 | 140.0
 6 | 140.0 | 3.0 | 143.0
 9 | 143.0 | 8.0 | 151.0
 13 | 151.0 | 5.0 | 156.0
 14 | 156.0 | 3.0 | 159.0
 16 | 159.0 | 5.0 | 164.0
 20 | 164.0 | 4.0 | 168.0
 22 | 168.0 | 4.0 | 172.0
Vessel : 23
 0 | 71.0 | 11.0 | 82.0
 3 | 82.0 | 14.0 | 96.0
 5 | 96.0 | 8.0 | 104.0
 7 | 104.0 | 6.0 | 110.0
 10 | 110.0 | 13.0 | 123.0
 12 | 123.0 | 5.0 | 128.0
 14 | 128.0 | 4.0 | 132.0
 16 | 132.0 | 4.0 | 136.0
 19 | 136.0 | 3.0 | 139.0
 21 | 139.0 | 5.0 | 144.0
Vessel : 24
 0 | 136.0 | 6.0 | 142.0
 3 | 142.0 | 10.0 | 152.0
 5 | 152.0 | 8.0 | 160.0
 6 | 160.0 | 4.0 | 164.0
 9 | 164.0 | 4.0 | 168.0
 13 | 168.0 | 3.0 | 171.0
 14 | 171.0 | 3.0 | 174.0
 15 | 174.0 | 5.0 | 179.0
 17 | 179.0 | 4.0 | 183.0
 21 | 183.0 | 3.0 | 186.0
Vessel : 25
 1 | 161.0 | 3.0 | 164.0
 3 | 164.0 | 5.0 | 169.0
 5 | 169.0 | 5.0 | 174.0
 7 | 174.0 | 4.0 | 178.0
 10 | 178.0 | 4.0 | 182.0
 12 | 182.0 | 3.0 | 185.0
 14 | 185.0 | 4.0 | 189.0
 15 | 189.0 | 3.0 | 192.0
 18 | 192.0 | 4.0 | 196.0
 22 | 196.0 | 5.0 | 201.0
Vessel : 26
 1 | 106.0 | 4.0 | 110.0
 3 | 110.0 | 4.0 | 114.0
 5 | 114.0 | 4.0 | 118.0
 6 | 118.0 | 4.0 | 122.0
 8 | 122.0 | 6.0 | 128.0
 12 | 128.0 | 3.0 | 131.0
 14 | 131.0 | 5.0 | 136.0
 15 | 136.0 | 4.0 | 140.0
 18 | 140.0 | 3.0 | 143.0
 22 | 143.0 | 3.0 | 146.0
Vessel : 27
 0 | 153.0 | 7.0 | 160.0
 3 | 160.0 | 8.0 | 168.0
 5 | 168.0 | 11.0 | 179.0
 6 | 179.0 | 12.0 | 191.0
 8 | 191.0 | 6.0 | 197.0
 12 | 197.0 | 3.0 | 200.0
 14 | 200.0 | 5.0 | 205.0
 16 | 205.0 | 3.0 | 208.0
 20 | 208.0 | 4.0 | 212.0
 22 | 212.0 | 3.0 | 215.0
Vessel : 28
 0 | 43.0 | 5.0 | 48.0
 2 | 48.0 | 4.0 | 52.0
 4 | 52.0 | 7.0 | 59.0
 7 | 59.0 | 13.0 | 72.0
 10 | 72.0 | 6.0 | 78.0
 12 | 78.0 | 4.0 | 82.0
 14 | 82.0 | 5.0 | 87.0
 15 | 87.0 | 3.0 | 90.0
 18 | 90.0 | 3.0 | 93.0
 22 | 93.0 | 5.0 | 98.0
Vessel : 29
 1 | 51.0 | 5.0 | 56.0
 3 | 56.0 | 3.0 | 59.0
 5 | 59.0 | 4.0 | 63.0
 7 | 63.0 | 5.0 | 68.0
 10 | 68.0 | 7.0 | 75.0
 12 | 75.0 | 3.0 | 78.0
 14 | 78.0 | 4.0 | 82.0
 15 | 82.0 | 5.0 | 87.0
 17 | 87.0 | 3.0 | 90.0
 21 | 90.0 | 5.0 | 95.0
Vessel : 30
 0 | 39.0 | 4.0 | 43.0
 3 | 43.0 | 11.0 | 54.0
 5 | 54.0 | 6.0 | 60.0
 6 | 60.0 | 12.0 | 72.0
 8 | 72.0 | 13.0 | 85.0
 12 | 85.0 | 5.0 | 90.0
 14 | 90.0 | 3.0 | 93.0
 15 | 93.0 | 3.0 | 96.0
 17 | 96.0 | 4.0 | 100.0
 21 | 100.0 | 5.0 | 105.0
Vessel : 31
 1 | 83.0 | 5.0 | 88.0
 3 | 88.0 | 3.0 | 91.0
 5 | 91.0 | 4.0 | 95.0
 6 | 95.0 | 8.0 | 103.0
 8 | 103.0 | 12.0 | 115.0
 12 | 115.0 | 3.0 | 118.0
 14 | 118.0 | 3.0 | 121.0
 16 | 121.0 | 4.0 | 125.0
 20 | 125.0 | 5.0 | 130.0
 22 | 130.0 | 5.0 | 135.0
Vessel : 32
 1 | 164.0 | 4.0 | 168.0
 3 | 168.0 | 3.0 | 171.0
 5 | 171.0 | 3.0 | 174.0
 6 | 174.0 | 3.0 | 177.0
 9 | 177.0 | 4.0 | 181.0
 13 | 181.0 | 3.0 | 184.0
 14 | 184.0 | 4.0 | 188.0
 16 | 188.0 | 4.0 | 192.0
 19 | 192.0 | 5.0 | 197.0
 21 | 197.0 | 4.0 | 201.0
Vessel : 33
 0 | 66.0 | 3.0 | 69.0
 2 | 69.0 | 10.0 | 79.0
 4 | 79.0 | 9.0 | 88.0
 7 | 88.0 | 8.0 | 96.0
 10 | 96.0 | 10.0 | 106.0
 12 | 106.0 | 4.0 | 110.0
 14 | 110.0 | 3.0 | 113.0
 16 | 113.0 | 5.0 | 118.0
 20 | 118.0 | 4.0 | 122.0
 22 | 122.0 | 3.0 | 125.0
Vessel : 34
 0 | 19.0 | 3.0 | 22.0
 3 | 22.0 | 5.0 | 27.0
 5 | 27.0 | 5.0 | 32.0
 7 | 32.0 | 3.0 | 35.0
 11 | 35.0 | 9.0 | 44.0
 13 | 44.0 | 3.0 | 47.0
 14 | 47.0 | 3.0 | 50.0
 16 | 50.0 | 3.0 | 53.0
 20 | 53.0 | 5.0 | 58.0
 22 | 58.0 | 4.0 | 62.0
Vessel : 35
 0 | 170.0 | 10.0 | 180.0
 2 | 180.0 | 7.0 | 187.0
 4 | 187.0 | 5.0 | 192.0
 7 | 192.0 | 6.0 | 198.0
 10 | 198.0 | 8.0 | 206.0
 12 | 206.0 | 4.0 | 210.0
 14 | 210.0 | 3.0 | 213.0
 15 | 213.0 | 5.0 | 218.0
 18 | 218.0 | 4.0 | 222.0
 22 | 222.0 | 3.0 | 225.0
Vessel : 36
 0 | 25.0 | 5.0 | 30.0
 2 | 30.0 | 4.0 | 34.0
 4 | 34.0 | 3.0 | 37.0
 7 | 37.0 | 5.0 | 42.0
 10 | 42.0 | 9.0 | 51.0
 12 | 51.0 | 3.0 | 54.0
 14 | 54.0 | 4.0 | 58.0
 16 | 58.0 | 3.0 | 61.0
 20 | 61.0 | 4.0 | 65.0
 22 | 65.0 | 3.0 | 68.0
Vessel : 37
 1 | 32.0 | 5.0 | 37.0
 2 | 37.0 | 11.0 | 48.0
 4 | 48.0 | 4.0 | 52.0
 7 | 52.0 | 5.0 | 57.0
 11 | 57.0 | 6.0 | 63.0
 13 | 63.0 | 4.0 | 67.0
 14 | 67.0 | 3.0 | 70.0
 15 | 70.0 | 4.0 | 74.0
 17 | 74.0 | 5.0 | 79.0
 21 | 79.0 | 4.0 | 83.0
Vessel : 38
 1 | 78.0 | 5.0 | 83.0
 2 | 83.0 | 3.0 | 86.0
 4 | 86.0 | 5.0 | 91.0
 6 | 91.0 | 4.0 | 95.0
 8 | 95.0 | 6.0 | 101.0
 12 | 101.0 | 5.0 | 106.0
 14 | 106.0 | 4.0 | 110.0
 15 | 110.0 | 4.0 | 114.0
 18 | 114.0 | 4.0 | 118.0
 22 | 118.0 | 4.0 | 122.0
Vessel : 39
 1 | 128.0 | 3.0 | 131.0
 2 | 131.0 | 13.0 | 144.0
 4 | 144.0 | 8.0 | 152.0
 6 | 152.0 | 13.0 | 165.0
 8 | 165.0 | 9.0 | 174.0
 12 | 174.0 | 4.0 | 178.0
 14 | 178.0 | 3.0 | 181.0
 15 | 181.0 | 3.0 | 184.0
 18 | 184.0 | 5.0 | 189.0
 22 | 189.0 | 5.0 | 194.0
Vessel : 40
 0 | 100.0 | 7.0 | 107.0
 3 | 107.0 | 4.0 | 111.0
 5 | 111.0 | 7.0 | 118.0
 7 | 118.0 | 9.0 | 127.0
 11 | 127.0 | 6.0 | 133.0
 13 | 133.0 | 3.0 | 136.0
 14 | 136.0 | 4.0 | 140.0
 16 | 140.0 | 3.0 | 143.0
 20 | 143.0 | 4.0 | 147.0
 22 | 147.0 | 3.0 | 150.0
Vessel : 41
 0 | 73.0 | 10.0 | 83.0
 2 | 83.0 | 8.0 | 91.0
 4 | 91.0 | 12.0 | 103.0
 7 | 103.0 | 6.0 | 109.0
 11 | 109.0 | 8.0 | 117.0
 13 | 117.0 | 3.0 | 120.0
 14 | 120.0 | 5.0 | 125.0
 16 | 125.0 | 3.0 | 128.0
 19 | 128.0 | 4.0 | 132.0
 21 | 132.0 | 4.0 | 136.0
Vessel : 42
 1 | 4.0 | 4.0 | 8.0
 2 | 8.0 | 3.0 | 11.0
 4 | 11.0 | 3.0 | 14.0
 6 | 14.0 | 5.0 | 19.0
 9 | 19.0 | 5.0 | 24.0
 13 | 24.0 | 3.0 | 27.0
 14 | 27.0 | 5.0 | 32.0
 15 | 32.0 | 5.0 | 37.0
 17 | 37.0 | 3.0 | 40.0
 21 | 40.0 | 5.0 | 45.0
Vessel : 43
 1 | 56.0 | 3.0 | 59.0
 2 | 59.0 | 9.0 | 68.0
 4 | 68.0 | 11.0 | 79.0
 6 | 79.0 | 4.0 | 83.0
 8 | 83.0 | 10.0 | 93.0
 12 | 93.0 | 4.0 | 97.0
 14 | 97.0 | 5.0 | 102.0
 16 | 102.0 | 3.0 | 105.0
 20 | 105.0 | 5.0 | 110.0
 22 | 110.0 | 5.0 | 115.0
Vessel : 44
 0 | 4.0 | 5.0 | 9.0
 3 | 9.0 | 4.0 | 13.0
 5 | 13.0 | 4.0 | 17.0
 6 | 17.0 | 5.0 | 22.0
 8 | 22.0 | 6.0 | 28.0
 12 | 28.0 | 4.0 | 32.0
 14 | 32.0 | 3.0 | 35.0
 16 | 35.0 | 4.0 | 39.0
 20 | 39.0 | 4.0 | 43.0
 22 | 43.0 | 3.0 | 46.0
Vessel : 45
 0 | 160.0 | 7.0 | 167.0
 2 | 167.0 | 10.0 | 177.0
 4 | 177.0 | 6.0 | 183.0
 7 | 183.0 | 9.0 | 192.0
 10 | 192.0 | 8.0 | 200.0
 12 | 200.0 | 3.0 | 203.0
 14 | 203.0 | 3.0 | 206.0
 15 | 206.0 | 4.0 | 210.0
 18 | 210.0 | 3.0 | 213.0
 22 | 213.0 | 3.0 | 216.0
Vessel : 46
 1 | 189.0 | 3.0 | 192.0
 3 | 192.0 | 5.0 | 197.0
 5 | 197.0 | 3.0 | 200.0
 7 | 200.0 | 3.0 | 203.0
 10 | 203.0 | 10.0 | 213.0
 12 | 213.0 | 5.0 | 218.0
 14 | 218.0 | 4.0 | 222.0
 15 | 222.0 | 5.0 | 227.0
 18 | 227.0 | 5.0 | 232.0
 22 | 232.0 | 5.0 | 237.0
Vessel : 47
 1 | 152.0 | 5.0 | 157.0
 3 | 157.0 | 4.0 | 161.0
 5 | 161.0 | 3.0 | 164.0
 7 | 164.0 | 3.0 | 167.0
 11 | 167.0 | 4.0 | 171.0
 13 | 171.0 | 5.0 | 176.0
 14 | 176.0 | 4.0 | 180.0
 16 | 180.0 | 4.0 | 184.0
 19 | 184.0 | 5.0 | 189.0
 21 | 189.0 | 5.0 | 194.0
Vessel : 48
 0 | 159.0 | 5.0 | 164.0
 2 | 164.0 | 6.0 | 170.0
 4 | 170.0 | 10.0 | 180.0
 6 | 180.0 | 5.0 | 185.0
 8 | 185.0 | 7.0 | 192.0
 12 | 192.0 | 5.0 | 197.0
 14 | 197.0 | 4.0 | 201.0
 16 | 201.0 | 3.0 | 204.0
 20 | 204.0 | 5.0 | 209.0
 22 | 209.0 | 4.0 | 213.0
Vessel : 49
 0 | 1.0 | 4.0 | 5.0
 3 | 5.0 | 4.0 | 9.0
 5 | 9.0 | 3.0 | 12.0
 6 | 12.0 | 5.0 | 17.0
 8 | 17.0 | 6.0 | 23.0
 12 | 23.0 | 5.0 | 28.0
 14 | 28.0 | 4.0 | 32.0
 15 | 32.0 | 4.0 | 36.0
 18 | 36.0 | 5.0 | 41.0
 22 | 41.0 | 5.0 | 46.0
Vessel : 50
 1 | 11.0 | 5.0 | 16.0
 2 | 16.0 | 3.0 | 19.0
 4 | 19.0 | 3.0 | 22.0
 7 | 22.0 | 4.0 | 26.0
 11 | 26.0 | 8.0 | 34.0
 13 | 34.0 | 5.0 | 39.0
 14 | 39.0 | 3.0 | 42.0
 15 | 42.0 | 3.0 | 45.0
 17 | 45.0 | 3.0 | 48.0
 21 | 48.0 | 5.0 | 53.0
Vessel : 51
 1 | 178.0 | 4.0 | 182.0
 2 | 182.0 | 4.0 | 186.0
 4 | 186.0 | 3.0 | 189.0
 7 | 189.0 | 4.0 | 193.0
 11 | 193.0 | 4.0 | 197.0
 13 | 197.0 | 5.0 | 202.0
 14 | 202.0 | 4.0 | 206.0
 16 | 206.0 | 5.0 | 211.0
 20 | 211.0 | 3.0 | 214.0
 22 | 214.0 | 3.0 | 217.0
Vessel : 52
 1 | 93.0 | 5.0 | 98.0
 3 | 98.0 | 4.0 | 102.0
 5 | 102.0 | 4.0 | 106.0
 6 | 106.0 | 4.0 | 110.0
 9 | 110.0 | 4.0 | 114.0
 13 | 114.0 | 3.0 | 117.0
 14 | 117.0 | 3.0 | 120.0
 15 | 120.0 | 5.0 | 125.0
 18 | 125.0 | 3.0 | 128.0
 22 | 128.0 | 4.0 | 132.0
Vessel : 53
 1 | 134.0 | 5.0 | 139.0
 3 | 139.0 | 5.0 | 144.0
 5 | 144.0 | 3.0 | 147.0
 6 | 147.0 | 3.0 | 150.0
 8 | 150.0 | 4.0 | 154.0
 12 | 154.0 | 4.0 | 158.0
 14 | 158.0 | 5.0 | 163.0
 16 | 163.0 | 5.0 | 168.0
 19 | 168.0 | 4.0 | 172.0
 21 | 172.0 | 3.0 | 175.0
Vessel : 54
 0 | 1.0 | 3.0 | 4.0
 3 | 4.0 | 5.0 | 9.0
 5 | 9.0 | 3.0 | 12.0
 7 | 12.0 | 3.0 | 15.0
 10 | 15.0 | 3.0 | 18.0
 12 | 18.0 | 5.0 | 23.0
 14 | 23.0 | 3.0 | 26.0
 15 | 26.0 | 3.0 | 29.0
 18 | 29.0 | 3.0 | 32.0
 22 | 32.0 | 4.0 | 36.0
Vessel : 55
 0 | 106.0 | 5.0 | 111.0
 3 | 111.0 | 4.0 | 115.0
 5 | 115.0 | 8.0 | 123.0
 7 | 123.0 | 10.0 | 133.0
 11 | 133.0 | 3.0 | 136.0
 13 | 136.0 | 5.0 | 141.0
 14 | 141.0 | 3.0 | 144.0
 15 | 144.0 | 5.0 | 149.0
 18 | 149.0 | 5.0 | 154.0
 22 | 154.0 | 4.0 | 158.0
Vessel : 56
 1 | 22.0 | 5.0 | 27.0
 2 | 27.0 | 4.0 | 31.0
 4 | 31.0 | 4.0 | 35.0
 7 | 35.0 | 5.0 | 40.0
 10 | 40.0 | 3.0 | 43.0
 12 | 43.0 | 5.0 | 48.0
 14 | 48.0 | 4.0 | 52.0
 15 | 52.0 | 3.0 | 55.0
 17 | 55.0 | 3.0 | 58.0
 21 | 58.0 | 3.0 | 61.0
Vessel : 57
 1 | 192.0 | 4.0 | 196.0
 3 | 196.0 | 8.0 | 204.0
 5 | 204.0 | 6.0 | 210.0
 7 | 210.0 | 8.0 | 218.0
 10 | 218.0 | 14.0 | 232.0
 12 | 232.0 | 5.0 | 237.0
 14 | 237.0 | 4.0 | 241.0
 16 | 241.0 | 4.0 | 245.0
 20 | 245.0 | 5.0 | 250.0
 22 | 250.0 | 4.0 | 254.0
Vessel : 58
 1 | 110.0 | 5.0 | 115.0
 3 | 115.0 | 6.0 | 121.0
 5 | 121.0 | 7.0 | 128.0
 7 | 128.0 | 13.0 | 141.0
 11 | 141.0 | 4.0 | 145.0
 13 | 145.0 | 3.0 | 148.0
 14 | 148.0 | 5.0 | 153.0
 15 | 153.0 | 4.0 | 157.0
 18 | 157.0 | 5.0 | 162.0
 22 | 162.0 | 5.0 | 167.0
Vessel : 59
 0 | 143.0 | 9.0 | 152.0
 3 | 152.0 | 7.0 | 159.0
 5 | 159.0 | 12.0 | 171.0
 6 | 171.0 | 8.0 | 179.0
 8 | 179.0 | 6.0 | 185.0
 12 | 185.0 | 4.0 | 189.0
 14 | 189.0 | 5.0 | 194.0
 15 | 194.0 | 4.0 | 198.0
 18 | 198.0 | 5.0 | 203.0
 22 | 203.0 | 5.0 | 208.0
Vessel : 60
 1 | 168.0 | 3.0 | 171.0
 2 | 171.0 | 3.0 | 174.0
 4 | 174.0 | 3.0 | 177.0
 7 | 177.0 | 4.0 | 181.0
 11 | 181.0 | 3.0 | 184.0
 13 | 184.0 | 4.0 | 188.0
 14 | 188.0 | 4.0 | 192.0
 16 | 192.0 | 5.0 | 197.0
 20 | 197.0 | 3.0 | 200.0
 22 | 200.0 | 3.0 | 203.0
Vessel : 61
 0 | 34.0 | 5.0 | 39.0
 2 | 39.0 | 4.0 | 43.0
 4 | 43.0 | 5.0 | 48.0
 6 | 48.0 | 10.0 | 58.0
 9 | 58.0 | 9.0 | 67.0
 13 | 67.0 | 3.0 | 70.0
 14 | 70.0 | 4.0 | 74.0
 15 | 74.0 | 3.0 | 77.0
 17 | 77.0 | 4.0 | 81.0
 21 | 81.0 | 4.0 | 85.0
Vessel : 62
 1 | 171.0 | 4.0 | 175.0
 2 | 175.0 | 5.0 | 180.0
 4 | 180.0 | 3.0 | 183.0
 7 | 183.0 | 3.0 | 186.0
 11 | 186.0 | 3.0 | 189.0
 13 | 189.0 | 5.0 | 194.0
 14 | 194.0 | 5.0 | 199.0
 16 | 199.0 | 4.0 | 203.0
 19 | 203.0 | 3.0 | 206.0
 21 | 206.0 | 5.0 | 211.0
Vessel : 63
 1 | 59.0 | 5.0 | 64.0
 2 | 64.0 | 3.0 | 67.0
 4 | 67.0 | 3.0 | 70.0
 7 | 70.0 | 5.0 | 75.0
 11 | 75.0 | 5.0 | 80.0
 13 | 80.0 | 5.0 | 85.0
 14 | 85.0 | 3.0 | 88.0
 15 | 88.0 | 5.0 | 93.0
 18 | 93.0 | 5.0 | 98.0
 22 | 98.0 | 5.0 | 103.0
Vessel : 64
 1 | 123.0 | 5.0 | 128.0
 3 | 128.0 | 5.0 | 133.0
 5 | 133.0 | 4.0 | 137.0
 6 | 137.0 | 3.0 | 140.0
 8 | 140.0 | 3.0 | 143.0
 12 | 143.0 | 3.0 | 146.0
 14 | 146.0 | 5.0 | 151.0
 15 | 151.0 | 4.0 | 155.0
 17 | 155.0 | 5.0 | 160.0
 21 | 160.0 | 3.0 | 163.0
Vessel : 65
 0 | 92.0 | 8.0 | 100.0
 2 | 100.0 | 12.0 | 112.0
 4 | 112.0 | 7.0 | 119.0
 7 | 119.0 | 9.0 | 128.0
 10 | 128.0 | 7.0 | 135.0
 12 | 135.0 | 5.0 | 140.0
 14 | 140.0 | 3.0 | 143.0
 15 | 143.0 | 5.0 | 148.0
 17 | 148.0 | 4.0 | 152.0
 21 | 152.0 | 3.0 | 155.0
Vessel : 66
 0 | 124.0 | 4.0 | 128.0
 3 | 128.0 | 5.0 | 133.0
 5 | 133.0 | 4.0 | 137.0
 6 | 137.0 | 7.0 | 144.0
 8 | 144.0 | 7.0 | 151.0
 12 | 151.0 | 3.0 | 154.0
 14 | 154.0 | 5.0 | 159.0
 15 | 159.0 | 4.0 | 163.0
 18 | 163.0 | 4.0 | 167.0
 22 | 167.0 | 3.0 | 170.0
Vessel : 67
 0 | 5.0 | 3.0 | 8.0
 2 | 8.0 | 3.0 | 11.0
 4 | 11.0 | 4.0 | 15.0
 7 | 15.0 | 7.0 | 22.0
 10 | 22.0 | 10.0 | 32.0
 12 | 32.0 | 3.0 | 35.0
 14 | 35.0 | 4.0 | 39.0
 15 | 39.0 | 5.0 | 44.0
 18 | 44.0 | 3.0 | 47.0
 22 | 47.0 | 3.0 | 50.0
Vessel : 68
 0 | 17.0 | 10.0 | 27.0
 3 | 27.0 | 5.0 | 32.0
 5 | 32.0 | 12.0 | 44.0
 7 | 44.0 | 7.0 | 51.0
 10 | 51.0 | 12.0 | 63.0
 12 | 63.0 | 5.0 | 68.0
 14 | 68.0 | 5.0 | 73.0
 16 | 73.0 | 4.0 | 77.0
 20 | 77.0 | 4.0 | 81.0
 22 | 81.0 | 3.0 | 84.0
Vessel : 69
 1 | 64.0 | 5.0 | 69.0
 3 | 69.0 | 4.0 | 73.0
 5 | 73.0 | 7.0 | 80.0
 6 | 80.0 | 5.0 | 85.0
 8 | 85.0 | 12.0 | 97.0
 12 | 97.0 | 4.0 | 101.0
 14 | 101.0 | 4.0 | 105.0
 15 | 105.0 | 3.0 | 108.0
 18 | 108.0 | 3.0 | 111.0
 22 | 111.0 | 4.0 | 115.0
Vessel : 70
 0 | 107.0 | 5.0 | 112.0
 2 | 112.0 | 11.0 | 123.0
 4 | 123.0 | 10.0 | 133.0
 7 | 133.0 | 6.0 | 139.0
 10 | 139.0 | 7.0 | 146.0
 12 | 146.0 | 5.0 | 151.0
 14 | 151.0 | 5.0 | 156.0
 16 | 156.0 | 3.0 | 159.0
 20 | 159.0 | 4.0 | 163.0
 22 | 163.0 | 4.0 | 167.0
Vessel : 71
 1 | 196.0 | 4.0 | 200.0
 3 | 200.0 | 5.0 | 205.0
 5 | 205.0 | 3.0 | 208.0
 6 | 208.0 | 4.0 | 212.0
 8 | 212.0 | 6.0 | 218.0
 12 | 218.0 | 5.0 | 223.0
 14 | 223.0 | 3.0 | 226.0
 16 | 226.0 | 4.0 | 230.0
 20 | 230.0 | 3.0 | 233.0
 22 | 233.0 | 5.0 | 238.0
Vessel : 72
 0 | 82.0 | 11.0 | 93.0
 3 | 93.0 | 6.0 | 99.0
 5 | 99.0 | 9.0 | 108.0
 6 | 108.0 | 9.0 | 117.0
 9 | 117.0 | 11.0 | 128.0
 13 | 128.0 | 5.0 | 133.0
 14 | 133.0 | 5.0 | 138.0
 16 | 138.0 | 5.0 | 143.0
 19 | 143.0 | 3.0 | 146.0
 21 | 146.0 | 4.0 | 150.0
Vessel : 73
 0 | 22.0 | 3.0 | 25.0
 2 | 25.0 | 5.0 | 30.0
 4 | 30.0 | 4.0 | 34.0
 6 | 34.0 | 8.0 | 42.0
 8 | 42.0 | 12.0 | 54.0
 12 | 54.0 | 5.0 | 59.0
 14 | 59.0 | 4.0 | 63.0
 15 | 63.0 | 5.0 | 68.0
 17 | 68.0 | 5.0 | 73.0
 21 | 73.0 | 5.0 | 78.0
Vessel : 74
 0 | 48.0 | 11.0 | 59.0
 3 | 59.0 | 6.0 | 65.0
 5 | 65.0 | 11.0 | 76.0
 6 | 76.0 | 3.0 | 79.0
 9 | 79.0 | 6.0 | 85.0
 13 | 85.0 | 4.0 | 89.0
 14 | 89.0 | 3.0 | 92.0
 16 | 92.0 | 5.0 | 97.0
 20 | 97.0 | 3.0 | 100.0
 22 | 100.0 | 5.0 | 105.0
Vessel : 75
 1 | 144.0 | 3.0 | 147.0
 3 | 147.0 | 6.0 | 153.0
 5 | 153.0 | 8.0 | 161.0
 7 | 161.0 | 10.0 | 171.0
 11 | 171.0 | 5.0 | 176.0
 13 | 176.0 | 5.0 | 181.0
 14 | 181.0 | 4.0 | 185.0
 15 | 185.0 | 5.0 | 190.0
 17 | 190.0 | 5.0 | 195.0
 21 | 195.0 | 4.0 | 199.0
Vessel : 76
 0 | 27.0 | 3.0 | 30.0
 2 | 30.0 | 10.0 | 40.0
 4 | 40.0 | 12.0 | 52.0
 7 | 52.0 | 7.0 | 59.0
 10 | 59.0 | 12.0 | 71.0
 12 | 71.0 | 4.0 | 75.0
 14 | 75.0 | 4.0 | 79.0
 16 | 79.0 | 4.0 | 83.0
 20 | 83.0 | 4.0 | 87.0
 22 | 87.0 | 3.0 | 90.0
Vessel : 77
 0 | 14.0 | 5.0 | 19.0
 2 | 19.0 | 4.0 | 23.0
 4 | 23.0 | 5.0 | 28.0
 6 | 28.0 | 6.0 | 34.0
 8 | 34.0 | 14.0 | 48.0
 12 | 48.0 | 3.0 | 51.0
 14 | 51.0 | 5.0 | 56.0
 16 | 56.0 | 5.0 | 61.0
 19 | 61.0 | 5.0 | 66.0
 21 | 66.0 | 3.0 | 69.0
Vessel : 78
 0 | 30.0 | 4.0 | 34.0
 2 | 34.0 | 4.0 | 38.0
 4 | 38.0 | 4.0 | 42.0
 6 | 42.0 | 6.0 | 48.0
 9 | 48.0 | 12.0 | 60.0
 13 | 60.0 | 3.0 | 63.0
 14 | 63.0 | 5.0 | 68.0
 15 | 68.0 | 3.0 | 71.0
 18 | 71.0 | 5.0 | 76.0
 22 | 76.0 | 5.0 | 81.0
Vessel : 79
 1 | 147.0 | 5.0 | 152.0
 2 | 152.0 | 3.0 | 155.0
 4 | 155.0 | 4.0 | 159.0
 7 | 159.0 | 5.0 | 164.0
 10 | 164.0 | 7.0 | 171.0
 12 | 171.0 | 3.0 | 174.0
 14 | 174.0 | 4.0 | 178.0
 15 | 178.0 | 4.0 | 182.0
 17 | 182.0 | 5.0 | 187.0
 21 | 187.0 | 3.0 | 190.0
Vessel : 80
 0 | 112.0 | 12.0 | 124.0
 2 | 124.0 | 14.0 | 138.0
 4 | 138.0 | 6.0 | 144.0
 7 | 144.0 | 11.0 | 155.0
 10 | 155.0 | 7.0 | 162.0
 12 | 162.0 | 4.0 | 166.0
 14 | 166.0 | 5.0 | 171.0
 15 | 171.0 | 4.0 | 175.0
 18 | 175.0 | 5.0 | 180.0
 22 | 180.0 | 5.0 | 185.0
Vessel : 81
 0 | 51.0 | 10.0 | 61.0
 3 | 61.0 | 3.0 | 64.0
 5 | 64.0 | 8.0 | 72.0
 6 | 72.0 | 8.0 | 80.0
 9 | 80.0 | 14.0 | 94.0
 13 | 94.0 | 5.0 | 99.0
 14 | 99.0 | 3.0 | 102.0
 16 | 102.0 | 5.0 | 107.0
 19 | 107.0 | 4.0 | 111.0
 21 | 111.0 | 3.0 | 114.0
Vessel : 82
 0 | 66.0 | 7.0 | 73.0
 3 | 73.0 | 4.0 | 77.0
 5 | 77.0 | 8.0 | 85.0
 7 | 85.0 | 14.0 | 99.0
 11 | 99.0 | 5.0 | 104.0
 13 | 104.0 | 5.0 | 109.0
 14 | 109.0 | 4.0 | 113.0
 16 | 113.0 | 5.0 | 118.0
 19 | 118.0 | 4.0 | 122.0
 21 | 122.0 | 4.0 | 126.0
Vessel : 83
 1 | 8.0 | 3.0 | 11.0
 3 | 11.0 | 3.0 | 14.0
 5 | 14.0 | 5.0 | 19.0
 6 | 19.0 | 3.0 | 22.0
 9 | 22.0 | 5.0 | 27.0
 13 | 27.0 | 4.0 | 31.0
 14 | 31.0 | 5.0 | 36.0
 16 | 36.0 | 5.0 | 41.0
 20 | 41.0 | 3.0 | 44.0
 22 | 44.0 | 3.0 | 47.0
Vessel : 84
 0 | 12.0 | 5.0 | 17.0
 3 | 17.0 | 5.0 | 22.0
 5 | 22.0 | 7.0 | 29.0
 6 | 29.0 | 6.0 | 35.0
 9 | 35.0 | 12.0 | 47.0
 13 | 47.0 | 4.0 | 51.0
 14 | 51.0 | 5.0 | 56.0
 15 | 56.0 | 5.0 | 61.0
 17 | 61.0 | 5.0 | 66.0
 21 | 66.0 | 3.0 | 69.0
Vessel : 85
 0 | 34.0 | 5.0 | 39.0
 3 | 39.0 | 5.0 | 44.0
 5 | 44.0 | 4.0 | 48.0
 7 | 48.0 | 4.0 | 52.0
 11 | 52.0 | 5.0 | 57.0
 13 | 57.0 | 3.0 | 60.0
 14 | 60.0 | 5.0 | 65.0
 16 | 65.0 | 4.0 | 69.0
 20 | 69.0 | 4.0 | 73.0
 22 | 73.0 | 3.0 | 76.0
Vessel : 86
 1 | 205.0 | 4.0 | 209.0
 2 | 209.0 | 3.0 | 212.0
 4 | 212.0 | 3.0 | 215.0
 6 | 215.0 | 3.0 | 218.0
 8 | 218.0 | 9.0 | 227.0
 12 | 227.0 | 5.0 | 232.0
 14 | 232.0 | 3.0 | 235.0
 15 | 235.0 | 3.0 | 238.0
 18 | 238.0 | 5.0 | 243.0
 22 | 243.0 | 4.0 | 247.0
Vessel : 87
 1 | 98.0 | 5.0 | 103.0
 3 | 103.0 | 4.0 | 107.0
 5 | 107.0 | 3.0 | 110.0
 6 | 110.0 | 4.0 | 114.0
 9 | 114.0 | 6.0 | 120.0
 13 | 120.0 | 5.0 | 125.0
 14 | 125.0 | 3.0 | 128.0
 16 | 128.0 | 3.0 | 131.0
 20 | 131.0 | 3.0 | 134.0
 22 | 134.0 | 4.0 | 138.0
Vessel : 88
 1 | 27.0 | 5.0 | 32.0
 2 | 32.0 | 5.0 | 37.0
 4 | 37.0 | 5.0 | 42.0
 6 | 42.0 | 5.0 | 47.0
 9 | 47.0 | 5.0 | 52.0
 13 | 52.0 | 5.0 | 57.0
 14 | 57.0 | 4.0 | 61.0
 16 | 61.0 | 4.0 | 65.0
 20 | 65.0 | 5.0 | 70.0
 22 | 70.0 | 3.0 | 73.0
Vessel : 89
 0 | 59.0 | 7.0 | 66.0
 3 | 66.0 | 9.0 | 75.0
 5 | 75.0 | 13.0 | 88.0
 6 | 88.0 | 14.0 | 102.0
 9 | 102.0 | 7.0 | 109.0
 13 | 109.0 | 5.0 | 114.0
 14 | 114.0 | 3.0 | 117.0
 15 | 117.0 | 4.0 | 121.0
 18 | 121.0 | 4.0 | 125.0
 22 | 125.0 | 4.0 | 129.0
Vessel : 90
 0 | 44.0 | 5.0 | 49.0
 3 | 49.0 | 12.0 | 61.0
 5 | 61.0 | 13.0 | 74.0
 7 | 74.0 | 9.0 | 83.0
 11 | 83.0 | 6.0 | 89.0
 13 | 89.0 | 5.0 | 94.0
 14 | 94.0 | 3.0 | 97.0
 16 | 97.0 | 3.0 | 100.0
 20 | 100.0 | 3.0 | 103.0
 22 | 103.0 | 5.0 | 108.0
Vessel : 91
 0 | 133.0 | 4.0 | 137.0
 2 | 137.0 | 10.0 | 147.0
 4 | 147.0 | 8.0 | 155.0
 7 | 155.0 | 6.0 | 161.0
 11 | 161.0 | 4.0 | 165.0
 13 | 165.0 | 3.0 | 168.0
 14 | 168.0 | 3.0 | 171.0
 16 | 171.0 | 5.0 | 176.0
 20 | 176.0 | 4.0 | 180.0
 22 | 180.0 | 3.0 | 183.0
Vessel : 92
 1 | 88.0 | 5.0 | 93.0
 2 | 93.0 | 3.0 | 96.0
 4 | 96.0 | 6.0 | 102.0
 6 | 102.0 | 5.0 | 107.0
 8 | 107.0 | 3.0 | 110.0
 12 | 110.0 | 5.0 | 115.0
 14 | 115.0 | 5.0 | 120.0
 15 | 120.0 | 5.0 | 125.0
 17 | 125.0 | 3.0 | 128.0
 21 | 128.0 | 4.0 | 132.0
Vessel : 93
 1 | 131.0 | 3.0 | 134.0
 3 | 134.0 | 6.0 | 140.0
 5 | 140.0 | 10.0 | 150.0
 7 | 150.0 | 6.0 | 156.0
 11 | 156.0 | 5.0 | 161.0
 13 | 161.0 | 4.0 | 165.0
 14 | 165.0 | 4.0 | 169.0
 16 | 169.0 | 5.0 | 174.0
 20 | 174.0 | 5.0 | 179.0
 22 | 179.0 | 4.0 | 183.0
Vessel : 94
 1 | 103.0 | 3.0 | 106.0
 3 | 106.0 | 3.0 | 109.0
 5 | 109.0 | 5.0 | 114.0
 7 | 114.0 | 4.0 | 118.0
 11 | 118.0 | 7.0 | 125.0
 13 | 125.0 | 3.0 | 128.0
 14 | 128.0 | 3.0 | 131.0
 16 | 131.0 | 3.0 | 134.0
 20 | 134.0 | 4.0 | 138.0
 22 | 138.0 | 3.0 | 141.0
Vessel : 95
 0 | 8.0 | 4.0 | 12.0
 2 | 12.0 | 3.0 | 15.0
 4 | 15.0 | 7.0 | 22.0
 6 | 22.0 | 4.0 | 26.0
 9 | 26.0 | 5.0 | 31.0
 13 | 31.0 | 3.0 | 34.0
 14 | 34.0 | 5.0 | 39.0
 16 | 39.0 | 5.0 | 44.0
 20 | 44.0 | 3.0 | 47.0
 22 | 47.0 | 4.0 | 51.0
Vessel : 96
 0 | 112.0 | 5.0 | 117.0
 3 | 117.0 | 4.0 | 121.0
 5 | 121.0 | 6.0 | 127.0
 7 | 127.0 | 9.0 | 136.0
 11 | 136.0 | 5.0 | 141.0
 13 | 141.0 | 4.0 | 145.0
 14 | 145.0 | 3.0 | 148.0
 16 | 148.0 | 5.0 | 153.0
 19 | 153.0 | 4.0 | 157.0
 21 | 157.0 | 4.0 | 161.0
Vessel : 97
 0 | 83.0 | 9.0 | 92.0
 2 | 92.0 | 12.0 | 104.0
 4 | 104.0 | 11.0 | 115.0
 6 | 115.0 | 10.0 | 125.0
 8 | 125.0 | 6.0 | 131.0
 12 | 131.0 | 4.0 | 135.0
 14 | 135.0 | 5.0 | 140.0
 15 | 140.0 | 5.0 | 145.0
 17 | 145.0 | 3.0 | 148.0
 21 | 148.0 | 3.0 | 151.0
Vessel : 98
 0 | 128.0 | 5.0 | 133.0
 3 | 133.0 | 4.0 | 137.0
 5 | 137.0 | 8.0 | 145.0
 7 | 145.0 | 4.0 | 149.0
 10 | 149.0 | 9.0 | 158.0
 12 | 158.0 | 4.0 | 162.0
 14 | 162.0 | 5.0 | 167.0
 15 | 167.0 | 3.0 | 170.0
 18 | 170.0 | 3.0 | 173.0
 22 | 173.0 | 3.0 | 176.0
Vessel : 99
 1 | 182.0 | 3.0 | 185.0
 2 | 185.0 | 4.0 | 189.0
 4 | 189.0 | 4.0 | 193.0
 7 | 193.0 | 7.0 | 200.0
 10 | 200.0 | 10.0 | 210.0
 12 | 210.0 | 3.0 | 213.0
 14 | 213.0 | 5.0 | 218.0
 16 | 218.0 | 3.0 | 221.0
 19 | 221.0 | 3.0 | 224.0
 21 | 224.0 | 5.0 | 229.0
======================================================================